=== Run information ===

Scheme:       weka.clusterers.XMeans -I 1 -M 1000 -J 1000 -L 2 -H 4 -B 1.0 -C 0.5 -D "weka.core.ManhattanDistance -R first-last" -S 10
Relation:     Sales_Transactions_Dataset_Weekly
Instances:    811
Attributes:   107
              [list of attributes omitted]
Test mode:    evaluate on training data


=== Clustering model (full training set) ===


XMeans
======
Requested iterations            : 1
Iterations performed            : 1
Splits prepared                 : 2
Splits performed                : 2
Cutoff factor                   : 0.5
Percentage of splits accepted 
by cutoff factor                : 0 %
------
Cutoff factor                   : 0.5
------

Cluster centers                 : 4 centers

Cluster 0
            34.016666666666666 35.575 37.09166666666667 38.61666666666667 37.166666666666664 36.3 37.983333333333334 37.11666666666667 38.55 37.53333333333333 38.641666666666666 36.766666666666666 38.05 37.69166666666667 38.25833333333333 39.18333333333333 39.34166666666667 37.75833333333333 38.59166666666667 37.0 37.983333333333334 36.475 36.733333333333334 35.3 32.95 25.633333333333333 26.616666666666667 27.675 29.116666666666667 28.741666666666667 30.008333333333333 29.35 30.516666666666666 30.825 30.825 30.675 31.05 30.9 32.21666666666667 30.816666666666666 31.7 31.808333333333334 32.4 32.025 31.983333333333334 32.833333333333336 33.34166666666667 32.666666666666664 31.9 31.041666666666668 28.508333333333333 23.866666666666667 18.083333333333332 51.63333333333333 0.48133333333333356 0.5257499999999999 0.5741666666666668 0.6161666666666668 0.5765833333333337 0.5496666666666667 0.6029999999999999 0.5716666666666667 0.6141666666666665 0.5861666666666668 0.6186666666666664 0.5695 0.5976666666666667 0.5882499999999999 0.6056666666666668 0.6337499999999997 0.6379166666666669 0.5873333333333333 0.6138333333333332 0.5681666666666665 0.5928333333333331 0.5516666666666666 0.5589166666666667 0.5139166666666667 0.44083333333333324 0.2219166666666667 0.24999999999999997 0.2905833333333333 0.33158333333333334 0.3215 0.3600000000000002 0.33716666666666667 0.3711666666666665 0.3830833333333334 0.3852500000000001 0.3840833333333334 0.3902499999999998 0.3865000000000001 0.4225833333333332 0.3821666666666667 0.40816666666666684 0.4100833333333332 0.4292499999999999 0.41966666666666685 0.41900000000000015 0.4440000000000002 0.4555833333333335 0.4344166666666667 0.4120833333333333 0.38783333333333314 0.3095833333333333 0.16925000000000004
Cluster 1
            21.846153846153847 20.846153846153847 19.76923076923077 21.923076923076923 20.076923076923077 21.0 21.807692307692307 19.423076923076923 21.076923076923077 21.153846153846153 21.5 22.384615384615383 21.23076923076923 21.5 21.0 21.307692307692307 22.846153846153847 21.73076923076923 20.692307692307693 21.76923076923077 21.346153846153847 20.884615384615383 22.192307692307693 22.307692307692307 25.346153846153847 24.192307692307693 15.73076923076923 14.192307692307692 14.384615384615385 16.153846153846153 15.384615384615385 15.5 15.76923076923077 17.23076923076923 16.46153846153846 16.384615384615383 15.807692307692308 17.5 15.73076923076923 15.692307692307692 17.03846153846154 16.846153846153847 17.653846153846153 17.0 18.615384615384617 16.923076923076923 17.807692307692307 16.576923076923077 17.923076923076923 19.03846153846154 22.46153846153846 24.692307692307693 8.384615384615385 33.57692307692308 0.5592307692307692 0.5053846153846155 0.47923076923076924 0.56 0.4780769230769231 0.5261538461538462 0.5492307692307693 0.4496153846153846 0.5138461538461538 0.5134615384615385 0.53 0.568076923076923 0.5038461538461538 0.5226923076923078 0.5042307692307693 0.5211538461538463 0.5884615384615385 0.5442307692307693 0.49730769230769223 0.548076923076923 0.525 0.5026923076923077 0.548076923076923 0.5492307692307693 0.6657692307692309 0.6146153846153847 0.31230769230769234 0.23269230769230773 0.24692307692307697 0.31115384615384617 0.2842307692307692 0.2946153846153846 0.3103846153846155 0.36615384615384616 0.33 0.33346153846153836 0.29538461538461547 0.36615384615384616 0.30769230769230765 0.29576923076923084 0.35423076923076935 0.3400000000000001 0.36961538461538473 0.333076923076923 0.40346153846153854 0.3438461538461538 0.37461538461538463 0.31807692307692303 0.37846153846153846 0.41961538461538467 0.5684615384615385 0.6296153846153847
Cluster 2
            8.217081850533807 8.259786476868328 8.402135231316725 8.469750889679716 8.775800711743772 8.793594306049823 8.615658362989324 8.886120996441282 8.797153024911031 8.782918149466193 8.736654804270463 9.067615658362989 9.03914590747331 8.615658362989324 8.98932384341637 9.128113879003559 8.94306049822064 9.259786476868328 9.195729537366548 8.822064056939501 9.1067615658363 9.11032028469751 9.430604982206406 9.686832740213523 10.98576512455516 10.359430604982206 6.270462633451957 6.580071174377224 6.483985765124555 6.359430604982206 6.622775800711744 6.8861209964412815 6.818505338078292 6.804270462633452 7.199288256227758 7.288256227758007 7.131672597864768 7.2811387900355875 7.380782918149467 7.128113879003559 7.074733096085409 7.409252669039146 7.384341637010676 7.380782918149467 7.434163701067615 7.597864768683274 7.654804270462633 7.9288256227758005 8.124555160142348 8.782918149466193 9.249110320284698 10.309608540925266 2.3558718861209966 16.604982206405694 0.4195017793594306 0.42914590747330944 0.4308896797153023 0.43943060498220643 0.45704626334519594 0.4595373665480425 0.4495373665480426 0.4724199288256229 0.4598576512455515 0.45790035587188627 0.4588612099644127 0.4810676156583633 0.4772597864768683 0.4439145907473309 0.4793594306049825 0.481423487544484 0.46526690391459086 0.4864056939501781 0.48619217081850513 0.4527046263345196 0.472419928825623 0.47039145907473273 0.49380782918149435 0.510498220640569 0.5822775800711741 0.5514234875444834 0.29708185053380787 0.31138790035587205 0.3070462633451958 0.29637010676156567 0.30957295373665483 0.3353736654804269 0.3245551601423486 0.32263345195729554 0.3510676156583631 0.3594306049822062 0.3487544483985764 0.3609608540925264 0.36366548042704644 0.3453736654804269 0.34391459074733083 0.36619217081850536 0.36516014234875427 0.36231316725978646 0.36462633451957305 0.3783985765124555 0.38263345195729503 0.3908896797153026 0.40875444839857605 0.45647686832740186 0.4784697508896798 0.5468327402135228
Cluster 3
            0.6796875 0.7083333333333334 0.7526041666666666 0.7734375 0.8255208333333334 0.7916666666666666 0.8776041666666666 0.828125 0.7526041666666666 0.859375 0.7526041666666666 0.7994791666666666 0.8125 0.9192708333333334 0.96875 0.8489583333333334 0.8046875 0.8723958333333334 0.9453125 0.8776041666666666 0.8229166666666666 1.0286458333333333 1.03125 1.1979166666666667 1.4192708333333333 1.5520833333333333 0.7083333333333334 0.7682291666666666 0.7760416666666666 0.7708333333333334 0.8020833333333334 0.8125 0.7942708333333334 0.9192708333333334 0.8645833333333334 0.8619791666666666 0.9348958333333334 0.8828125 0.8932291666666666 0.9140625 1.0442708333333333 0.9010416666666666 1.0052083333333333 1.0078125 1.1171875 1.1041666666666667 1.1901041666666667 1.1796875 1.1927083333333333 1.3697916666666667 1.5182291666666667 2.0989583333333335 0.041666666666666664 3.8828125 0.11593749999999999 0.11914062499999996 0.12062499999999994 0.12348958333333332 0.14341145833333327 0.13093749999999998 0.1483854166666667 0.13492187499999997 0.12177083333333333 0.137265625 0.13434895833333335 0.13156249999999994 0.1455729166666667 0.15624999999999997 0.17718749999999994 0.1426302083333333 0.12979166666666664 0.15283854166666666 0.16846354166666663 0.15145833333333328 0.15213541666666666 0.19604166666666667 0.1998958333333334 0.21140625000000002 0.2732291666666667 0.30838541666666663 0.12177083333333331 0.136640625 0.13989583333333336 0.1354427083333333 0.14963541666666666 0.1580989583333333 0.14994791666666665 0.16718749999999996 0.15424479166666666 0.1622916666666666 0.17343750000000002 0.16716145833333343 0.1670572916666666 0.16747395833333334 0.2016145833333333 0.1709375 0.20541666666666666 0.18851562499999988 0.21874999999999992 0.22848958333333336 0.25927083333333334 0.22117187499999993 0.2606510416666666 0.2743489583333331 0.302421875 0.40812500000000007

Distortion: 12832.870741
BIC-Value : -112533.873586


Time taken to build model (full training data) : 0.07 seconds

=== Model and evaluation on training set ===

Clustered Instances

0      120 ( 15%)
1       45 (  6%)
2      262 ( 32%)
3      384 ( 47%)


