=== Run information ===

Scheme:       weka.clusterers.XMeans -I 1 -M 1000 -J 1000 -L 5 -H 10 -B 1.0 -C 0.5 -D "weka.core.ManhattanDistance -R first-last" -S 10
Relation:     Sales_Transactions_Dataset_Weekly
Instances:    811
Attributes:   107
              [list of attributes omitted]
Test mode:    evaluate on training data


=== Clustering model (full training set) ===


XMeans
======
Requested iterations            : 1
Iterations performed            : 1
Splits prepared                 : 5
Splits performed                : 2
Cutoff factor                   : 0.5
Percentage of splits accepted 
by cutoff factor                : 0 %
------
Cutoff factor                   : 0.5
------

Cluster centers                 : 7 centers

Cluster 0
            10.291666666666666 10.340277777777779 10.42361111111111 10.4375 10.722222222222221 11.069444444444445 10.819444444444445 10.729166666666666 10.902777777777779 10.743055555555555 10.854166666666666 11.381944444444445 11.125 10.48611111111111 10.972222222222221 11.29861111111111 11.083333333333334 11.270833333333334 11.180555555555555 10.541666666666666 10.61111111111111 10.833333333333334 11.027777777777779 11.256944444444445 12.29861111111111 11.92361111111111 7.597222222222222 8.215277777777779 8.284722222222221 7.770833333333333 8.222222222222221 8.534722222222221 8.6875 8.38888888888889 8.868055555555555 9.07638888888889 8.416666666666666 8.875 8.73611111111111 8.520833333333334 8.284722222222221 9.0 8.583333333333334 8.965277777777779 8.88888888888889 9.041666666666666 8.98611111111111 9.645833333333334 9.45138888888889 9.902777777777779 10.368055555555555 11.51388888888889 3.1527777777777777 18.916666666666668 0.45895833333333336 0.45999999999999996 0.4732638888888887 0.46791666666666665 0.48986111111111114 0.509513888888889 0.4981944444444444 0.4888888888888888 0.500347222222222 0.48618055555555567 0.5054861111111109 0.5347222222222222 0.5125694444444444 0.4727777777777777 0.5042361111111111 0.5211805555555554 0.5104166666666665 0.5193055555555556 0.5102777777777779 0.47111111111111104 0.47437499999999994 0.49020833333333336 0.5012500000000001 0.512361111111111 0.5736111111111111 0.5497222222222222 0.2913194444444445 0.33229166666666665 0.33513888888888893 0.2981944444444445 0.33152777777777775 0.348263888888889 0.35979166666666673 0.33708333333333323 0.3693055555555555 0.38423611111111106 0.34013888888888894 0.37166666666666653 0.36090277777777763 0.34916666666666674 0.33340277777777777 0.37097222222222226 0.350138888888889 0.37173611111111116 0.3652777777777778 0.37597222222222226 0.3777777777777778 0.4155555555555557 0.3981250000000002 0.42875000000000024 0.4549305555555555 0.5232638888888888
Cluster 1
            17.382978723404257 16.893617021276597 17.02127659574468 17.638297872340427 17.97872340425532 17.829787234042552 17.80851063829787 16.93617021276596 18.23404255319149 18.085106382978722 17.829787234042552 19.0 17.914893617021278 18.53191489361702 17.70212765957447 18.382978723404257 19.361702127659573 19.851063829787233 18.148936170212767 19.595744680851062 20.04255319148936 20.21276595744681 21.19148936170213 21.25531914893617 25.97872340425532 22.95744680851064 12.553191489361701 12.425531914893616 12.063829787234043 13.425531914893616 13.446808510638299 13.340425531914894 13.170212765957446 14.425531914893616 14.382978723404255 14.127659574468085 14.02127659574468 15.212765957446809 14.638297872340425 14.404255319148936 15.02127659574468 15.0 16.02127659574468 15.02127659574468 15.936170212765957 15.51063829787234 16.106382978723403 16.106382978723403 17.574468085106382 18.5531914893617 21.80851063829787 23.595744680851062 7.0638297872340425 31.872340425531913 0.4302127659574468 0.4027659574468085 0.4172340425531914 0.443191489361702 0.44872340425531915 0.4482978723404256 0.45127659574468093 0.4112765957446809 0.4551063829787234 0.45425531914893635 0.4385106382978724 0.4897872340425531 0.4395744680851065 0.46829787234042547 0.4393617021276598 0.46382978723404256 0.5074468085106383 0.5270212765957446 0.4534042553191489 0.5151063829787236 0.5329787234042557 0.5359574468085107 0.5674468085106384 0.5689361702127661 0.7527659574468085 0.6306382978723403 0.23787234042553196 0.22170212765957448 0.2138297872340425 0.25893617021276605 0.2629787234042553 0.2593617021276595 0.254468085106383 0.3061702127659575 0.3038297872340425 0.29680851063829794 0.2793617021276597 0.3327659574468086 0.32042553191489365 0.2957446808510638 0.3327659574468086 0.32127659574468087 0.3617021276595745 0.31829787234042556 0.36042553191489357 0.3440425531914894 0.3648936170212768 0.3606382978723403 0.42255319148936177 0.46382978723404256 0.6004255319148938 0.6591489361702126
Cluster 2
            3.1654135338345863 2.924812030075188 3.293233082706767 3.255639097744361 3.4661654135338344 3.338345864661654 3.7293233082706765 3.8045112781954886 3.3157894736842106 3.6390977443609023 3.43609022556391 3.3684210526315788 3.518796992481203 3.5714285714285716 3.827067669172932 4.082706766917293 3.593984962406015 3.8496240601503757 3.924812030075188 4.172932330827067 3.827067669172932 4.120300751879699 4.2105263157894735 4.849624060150376 5.383458646616542 5.345864661654136 2.706766917293233 2.789473684210526 2.781954887218045 2.992481203007519 2.954887218045113 3.0977443609022557 2.5714285714285716 3.0977443609022557 3.075187969924812 2.9473684210526314 3.18796992481203 3.3909774436090228 3.398496240601504 3.255639097744361 3.443609022556391 3.172932330827068 3.593984962406015 3.6842105263157894 3.924812030075188 3.654135338345865 3.8796992481203008 3.8947368421052633 3.6315789473684212 4.406015037593985 4.849624060150376 5.962406015037594 0.37593984962406013 9.759398496240602 0.29601503759398495 0.2767669172932331 0.31691729323308276 0.30969924812030075 0.3268421052631578 0.3212781954887217 0.3627819548872182 0.3554135338345865 0.32150375939849624 0.35165413533834594 0.32812030075187976 0.3256390977443609 0.33639097744360913 0.338421052631579 0.3767669172932331 0.3967669172932331 0.35052631578947363 0.3849624060150376 0.38789473684210535 0.41616541353383457 0.3629323308270678 0.4072932330827069 0.42097744360902245 0.48293233082706793 0.5456390977443609 0.5378947368421052 0.25601503759398486 0.2692481203007518 0.2638345864661653 0.2802255639097744 0.28323308270676684 0.2959398496240601 0.2282706766917293 0.2972180451127819 0.2881203007518796 0.27744360902255627 0.2994736842105262 0.32954887218045126 0.3237593984962406 0.31556390977443605 0.3353383458646615 0.3129323308270676 0.35879699248120306 0.36172932330827057 0.3777443609022557 0.3669924812030074 0.38172932330827053 0.39210526315789473 0.35759398496240613 0.4392481203007519 0.4811278195488721 0.5924812030075188
Cluster 3
            4.338983050847458 5.11864406779661 4.338983050847458 4.915254237288136 4.762711864406779 4.559322033898305 4.135593220338983 5.254237288135593 4.694915254237288 4.677966101694915 4.559322033898305 4.694915254237288 4.966101694915254 4.576271186440678 5.11864406779661 4.084745762711864 4.440677966101695 4.576271186440678 4.8474576271186445 3.7966101694915255 4.220338983050848 4.169491525423729 4.593220338983051 4.593220338983051 4.694915254237288 5.033898305084746 3.7457627118644066 3.440677966101695 3.0508474576271185 3.0847457627118646 3.0338983050847457 3.440677966101695 3.610169491525424 3.542372881355932 3.76271186440678 4.186440677966102 4.305084745762712 3.5084745762711864 3.7796610169491527 3.847457627118644 4.1525423728813555 4.169491525423729 3.9661016949152543 3.6271186440677967 3.305084745762712 3.9322033898305087 3.694915254237288 3.4745762711864407 4.372881355932203 4.728813559322034 4.423728813559322 4.711864406779661 0.288135593220339 9.423728813559322 0.43864406779661 0.5386440677966102 0.4357627118644066 0.5147457627118643 0.49186440677966087 0.473728813559322 0.4222033898305083 0.5505084745762711 0.48372881355932185 0.4852542372881355 0.46203389830508473 0.49491525423728805 0.5211864406779663 0.4828813559322032 0.5318644067796611 0.42305084745762706 0.45864406779661016 0.4671186440677966 0.49915254237288137 0.394406779661017 0.43983050847457633 0.4261016949152542 0.4771186440677966 0.47440677966101685 0.4854237288135592 0.5300000000000001 0.37152542372881364 0.3445762711864405 0.3089830508474575 0.31491525423728817 0.296949152542373 0.34949152542372863 0.37118644067796597 0.3554237288135593 0.38033898305084746 0.42271186440677977 0.43847457627118647 0.3528813559322034 0.38355932203389814 0.3833898305084745 0.42288135593220333 0.4255932203389831 0.4038983050847456 0.36847457627118646 0.33949152542372873 0.4028813559322033 0.3757627118644068 0.35050847457627116 0.4498305084745761 0.493728813559322 0.454406779661017 0.48474576271186426
Cluster 4
            0.8947368421052632 1.105263157894737 1.0 1.0 1.236842105263158 1.105263157894737 0.9210526315789473 1.0263157894736843 1.3421052631578947 1.131578947368421 1.1578947368421053 1.394736842105263 1.131578947368421 1.3421052631578947 1.5526315789473684 1.0789473684210527 1.0263157894736843 1.0526315789473684 1.236842105263158 0.8157894736842105 1.368421052631579 1.3157894736842106 1.263157894736842 1.7894736842105263 2.3421052631578947 2.5526315789473686 1.2894736842105263 1.368421052631579 1.3421052631578947 1.263157894736842 1.4736842105263157 1.394736842105263 1.5789473684210527 1.8157894736842106 1.894736842105263 1.7894736842105263 1.736842105263158 1.105263157894737 1.7894736842105263 1.7894736842105263 1.9473684210526316 1.4473684210526316 1.5263157894736843 1.605263157894737 2.3421052631578947 1.5789473684210527 2.0526315789473686 2.1842105263157894 2.5 3.0 2.8684210526315788 4.894736842105263 0.05263157894736842 6.184210526315789 0.14684210526315788 0.17 0.13894736842105262 0.1318421052631579 0.21078947368421053 0.1686842105263158 0.16026315789473686 0.1473684210526316 0.215 0.1728947368421053 0.18 0.21999999999999997 0.20473684210526313 0.2094736842105263 0.2723684210526316 0.19473684210526315 0.14973684210526317 0.16605263157894737 0.1976315789473684 0.12342105263157893 0.23236842105263164 0.2136842105263158 0.20631578947368426 0.2797368421052631 0.3786842105263158 0.40236842105263154 0.19447368421052633 0.22131578947368427 0.23736842105263162 0.2121052631578948 0.2715789473684211 0.21921052631578952 0.2631578947368421 0.2978947368421052 0.3426315789473684 0.30605263157894735 0.28368421052631576 0.1592105263157895 0.26763157894736844 0.2847368421052632 0.3544736842105264 0.2218421052631579 0.26684210526315794 0.251578947368421 0.42921052631578954 0.2636842105263158 0.3539473684210527 0.37131578947368427 0.4097368421052632 0.49131578947368415 0.47078947368421054 0.7407894736842109
Cluster 5
            0.1760299625468165 0.149812734082397 0.16853932584269662 0.18726591760299627 0.20224719101123595 0.1947565543071161 0.23220973782771537 0.1797752808988764 0.149812734082397 0.19101123595505617 0.1760299625468165 0.16853932584269662 0.2247191011235955 0.2546816479400749 0.23220973782771537 0.1797752808988764 0.1647940074906367 0.19850187265917604 0.27340823970037453 0.19101123595505617 0.23595505617977527 0.3146067415730337 0.3333333333333333 0.2846441947565543 0.48314606741573035 0.5393258426966292 0.2209737827715356 0.2209737827715356 0.26591760299625467 0.23595505617977527 0.2397003745318352 0.27715355805243447 0.30337078651685395 0.29213483146067415 0.25842696629213485 0.2696629213483146 0.32209737827715357 0.3333333333333333 0.2808988764044944 0.27715355805243447 0.3295880149812734 0.3146067415730337 0.35580524344569286 0.3146067415730337 0.34831460674157305 0.45692883895131087 0.5168539325842697 0.36704119850187267 0.50187265917603 0.5205992509363296 0.602996254681648 0.8426966292134831 0.0 2.209737827715356 0.06910112359550563 0.06730337078651685 0.06531835205992507 0.0694007490636704 0.0852434456928839 0.07554307116104866 0.08838951310861422 0.07486891385767787 0.057528089887640445 0.07280898876404494 0.08142322097378277 0.06808988764044942 0.08797752808988761 0.0942696629213483 0.1076404494382022 0.07573033707865165 0.06580524344569288 0.0893632958801498 0.10925093632958797 0.08569288389513109 0.10037453183520598 0.137378277153558 0.14217228464419474 0.12797752808988763 0.18970037453183514 0.22726591760299628 0.07820224719101118 0.08419475655430712 0.09378277153558054 0.08872659176029961 0.09573033707865165 0.11823970037453178 0.11224719101123591 0.10880149812734079 0.09228464419475653 0.10786516853932582 0.12217228464419472 0.12999999999999998 0.11501872659176023 0.10838951310861421 0.13359550561797753 0.1239700374531835 0.1541573033707865 0.128876404494382 0.14887640449438194 0.18434456928838944 0.2169288389513109 0.14456928838951305 0.21565543071161042 0.20112359550561792 0.23183520599250929 0.3108239700374531
Cluster 6
            33.84552845528455 35.34959349593496 36.886178861788615 38.520325203252035 36.853658536585364 36.08130081300813 37.8130081300813 36.829268292682926 38.203252032520325 37.40650406504065 38.390243902439025 36.53658536585366 37.90243902439025 37.48780487804878 38.13821138211382 38.886178861788615 39.08943089430894 37.41463414634146 38.41463414634146 36.764227642276424 37.764227642276424 36.073170731707314 36.41463414634146 35.10569105691057 32.86178861788618 25.747967479674795 26.536585365853657 27.495934959349594 28.910569105691057 28.54471544715447 29.772357723577237 29.056910569105693 30.30081300813008 30.552845528455286 30.54471544715447 30.3739837398374 30.88617886178862 30.617886178861788 31.934959349593495 30.520325203252032 31.479674796747968 31.504065040650406 32.146341463414636 31.70731707317073 31.804878048780488 32.58536585365854 33.09756097560975 32.3739837398374 31.528455284552845 30.878048780487806 28.398373983739837 24.065040650406505 17.975609756097562 51.422764227642276 0.48056910569105715 0.5234146341463414 0.5725203252032521 0.6186178861788619 0.570975609756098 0.5475609756097561 0.6027642276422763 0.5673170731707318 0.6078861788617884 0.5878048780487806 0.61520325203252 0.5669918699186991 0.5983739837398375 0.5869918699186991 0.6072357723577236 0.6296747967479672 0.6352845528455286 0.5814634146341462 0.6129268292682925 0.5655284552845528 0.5914634146341461 0.5434146341463415 0.5532520325203253 0.5125203252032522 0.44325203252032513 0.2308943089430895 0.25195121951219507 0.289349593495935 0.3294308943089431 0.31910569105691056 0.3566666666666668 0.3321138211382114 0.36902439024390227 0.3784552845528456 0.380569105691057 0.37829268292682927 0.38943089430894295 0.38170731707317085 0.4182926829268292 0.3770731707317074 0.40577235772357745 0.4049593495934958 0.42552845528455274 0.4139024390243904 0.41756097560975614 0.4403252032520327 0.45227642276422786 0.4295934959349594 0.4048780487804878 0.38707317073170716 0.3104878048780488 0.1804065040650407

Distortion: 9501.669587
BIC-Value : -109076.667059


Time taken to build model (full training data) : 0.22 seconds

=== Model and evaluation on training set ===

Clustered Instances

0      148 ( 18%)
1       50 (  6%)
2      114 ( 14%)
3       58 (  7%)
4       54 (  7%)
5      267 ( 33%)
6      120 ( 15%)


