=== Run information ===

Scheme:       weka.clusterers.XMeans -I 1 -M 1000 -J 1000 -L 5 -H 10 -B 1.0 -C 0.5 -D "weka.core.EuclideanDistance -R first-last" -S 10
Relation:     Sales_Transactions_Dataset_Weekly
Instances:    811
Attributes:   107
              [list of attributes omitted]
Test mode:    evaluate on training data


=== Clustering model (full training set) ===


XMeans
======
Requested iterations            : 1
Iterations performed            : 1
Splits prepared                 : 5
Splits performed                : 1
Cutoff factor                   : 0.5
Percentage of splits accepted 
by cutoff factor                : 0 %
------
Cutoff factor                   : 0.5
------

Cluster centers                 : 5 centers

Cluster 0
            11.93717277486911 11.86910994764398 11.947643979057592 12.13089005235602 12.387434554973822 12.738219895287958 12.476439790575917 12.198952879581151 12.581151832460733 12.471204188481675 12.528795811518325 13.193717277486911 12.732984293193716 12.340314136125654 12.596858638743456 13.031413612565444 13.083769633507853 13.319371727748692 12.774869109947645 12.780104712041885 12.916230366492147 13.172774869109947 13.513089005235603 13.664921465968586 15.565445026178011 14.6282722513089 8.75392670157068 9.162303664921465 9.120418848167539 9.115183246073299 9.434554973821989 9.581151832460733 9.769633507853403 9.81675392670157 10.18324607329843 10.24083769633508 9.827225130890053 10.397905759162304 10.094240837696335 9.979057591623036 9.884816753926701 10.43979057591623 10.319371727748692 10.37696335078534 10.62303664921466 10.55497382198953 10.612565445026178 11.104712041884817 11.31413612565445 11.989528795811518 13.146596858638743 14.502617801047121 4.06282722513089 21.926701570680628 0.4544502617801046 0.44863874345549754 0.4599999999999998 0.46460732984293174 0.47884816753926707 0.5030366492146596 0.49083769633507845 0.4729842931937171 0.4884293193717276 0.48146596858638746 0.49450261780104693 0.527434554973822 0.49816753926701557 0.471675392670157 0.49518324607329844 0.5145549738219893 0.5135078534031415 0.5252879581151831 0.4976439790575914 0.4899476439790577 0.4962827225130892 0.5099476439790577 0.5238743455497382 0.5315706806282721 0.6205759162303665 0.5781151832460732 0.2803664921465968 0.3052356020942409 0.30324607329842923 0.29287958115183244 0.31429319371727743 0.32314136125654463 0.3386910994764398 0.3330366492146595 0.3573821989528797 0.36392670157068036 0.33513089005235597 0.3667015706806281 0.3503141361256544 0.34507853403141375 0.3356544502617801 0.3629842931937173 0.3535078534031413 0.3606282722513089 0.3722513089005236 0.3685863874345547 0.37193717277486893 0.40005235602094247 0.4012041884816752 0.4433507853403142 0.49560209424083745 0.5657068062827222
Cluster 1
            0.46308724832214765 0.4429530201342282 0.5033557046979866 0.47651006711409394 0.5637583892617449 0.5436241610738255 0.5234899328859061 0.4563758389261745 0.5436241610738255 0.44966442953020136 0.4563758389261745 0.5570469798657718 0.5570469798657718 0.6308724832214765 0.7046979865771812 0.3959731543624161 0.4563758389261745 0.42953020134228187 0.6442953020134228 0.4429530201342282 0.6040268456375839 0.738255033557047 0.6778523489932886 0.7919463087248322 1.167785234899329 1.2953020134228188 0.5637583892617449 0.6241610738255033 0.6577181208053692 0.6308724832214765 0.6644295302013423 0.7248322147651006 0.825503355704698 0.7919463087248322 0.8657718120805369 0.6644295302013423 0.8590604026845637 0.8187919463087249 0.8523489932885906 0.8523489932885906 0.912751677852349 0.7248322147651006 0.8322147651006712 0.7919463087248322 1.080536912751678 1.0671140939597314 1.1543624161073827 1.0268456375838926 1.2013422818791946 1.4026845637583893 1.5369127516778522 2.4832214765100673 0.013422818791946308 3.7248322147651005 0.11469798657718121 0.10637583892617451 0.10181208053691275 0.1120805369127517 0.14932885906040272 0.1263758389261745 0.11590604026845634 0.10208053691275168 0.12973154362416106 0.10194630872483221 0.10328859060402686 0.1271812080536913 0.15583892617449663 0.1393959731543624 0.18302013422818786 0.09825503355704698 0.10744966442953022 0.10684563758389262 0.1399328859060403 0.11583892617449665 0.15516778523489935 0.1899999999999999 0.15926174496644294 0.171744966442953 0.29060402684563763 0.31570469798657724 0.12020134228187919 0.15583892617449663 0.16315436241610734 0.1656375838926174 0.1681208053691275 0.17892617449664422 0.19395973154362406 0.17590604026845635 0.20382550335570462 0.145503355704698 0.21093959731543624 0.22906040268456374 0.2102013422818791 0.2021476510067114 0.21429530201342278 0.18067114093959724 0.21604026845637583 0.19040268456375833 0.2673825503355704 0.30040268456375835 0.3386577181208055 0.2667114093959731 0.28234899328859053 0.33409395973154354 0.37731543624161057 0.5946979865771811
Cluster 2
            3.5202020202020203 3.5707070707070705 3.5757575757575757 3.757575757575758 3.898989898989899 3.606060606060606 3.803030303030303 4.202020202020202 3.7676767676767677 3.9494949494949494 3.7373737373737375 3.742424242424242 3.9343434343434343 3.914141414141414 4.116161616161616 4.02020202020202 3.7777777777777777 4.05050505050505 4.181818181818182 3.9343434343434343 3.8838383838383836 3.9646464646464645 4.212121212121212 4.666666666666667 5.146464646464646 5.101010101010101 3.0 2.98989898989899 2.914141414141414 2.994949494949495 2.98989898989899 3.2525252525252526 2.8282828282828283 3.2222222222222223 3.2323232323232323 3.3535353535353534 3.414141414141414 3.3333333333333335 3.494949494949495 3.308080808080808 3.606060606060606 3.4444444444444446 3.686868686868687 3.6363636363636362 3.580808080808081 3.691919191919192 3.8484848484848486 3.8333333333333335 3.893939393939394 4.424242424242424 4.606060606060606 5.383838383838384 0.3888888888888889 9.570707070707071 0.33419191919191904 0.34489898989898987 0.3455050505050505 0.3655555555555555 0.37888888888888894 0.35459595959595963 0.3716666666666667 0.410909090909091 0.368030303030303 0.38934343434343444 0.3655050505050504 0.3713131313131314 0.38994949494949505 0.3793939393939394 0.4086363636363637 0.3994444444444444 0.37479797979797974 0.40464646464646437 0.4145959595959594 0.3955555555555556 0.37737373737373736 0.3913636363636366 0.42429292929292917 0.4693939393939393 0.5304040404040404 0.526313131313131 0.2846464646464646 0.2887373737373738 0.2830303030303029 0.2850000000000001 0.2907070707070706 0.31489898989899007 0.2652525252525253 0.3157070707070708 0.3118686868686868 0.32934343434343444 0.3331313131313132 0.3217676767676768 0.33621212121212124 0.32141414141414154 0.36 0.346868686868687 0.37323232323232336 0.3628282828282828 0.34893939393939405 0.37500000000000006 0.3798484848484848 0.39050505050505047 0.38964646464646446 0.4531313131313129 0.4680303030303029 0.54489898989899
Cluster 3
            0.07333333333333333 0.10666666666666667 0.08666666666666667 0.07333333333333333 0.06666666666666667 0.07333333333333333 0.12 0.09333333333333334 0.04 0.13333333333333333 0.11333333333333333 0.07333333333333333 0.09333333333333334 0.12666666666666668 0.12 0.13333333333333333 0.09333333333333334 0.14 0.18 0.09333333333333334 0.11333333333333333 0.18 0.24 0.18666666666666668 0.24666666666666667 0.32 0.15333333333333332 0.11333333333333333 0.1 0.08666666666666667 0.1 0.10666666666666667 0.11333333333333333 0.15333333333333332 0.07333333333333333 0.20666666666666667 0.13333333333333333 0.09333333333333334 0.11333333333333333 0.12 0.17333333333333334 0.16 0.19333333333333333 0.17333333333333334 0.19333333333333333 0.16666666666666666 0.26666666666666666 0.11333333333333333 0.30666666666666664 0.2733333333333333 0.28 0.2866666666666667 0.0 1.7533333333333334 0.036866666666666666 0.05573333333333334 0.046 0.0366 0.04106666666666667 0.043866666666666665 0.0746 0.054400000000000004 0.018533333333333336 0.056866666666666676 0.07113333333333333 0.039066666666666666 0.03766666666666667 0.0716 0.07386666666666666 0.06793333333333333 0.039933333333333335 0.08073333333333332 0.0968 0.060533333333333335 0.07053333333333334 0.11126666666666668 0.13993333333333335 0.1165333333333333 0.11586666666666669 0.17273333333333332 0.06366666666666668 0.04406666666666667 0.049466666666666666 0.037733333333333334 0.056866666666666676 0.0766 0.06593333333333334 0.07646666666666667 0.03666666666666667 0.101 0.0654 0.0446 0.05866666666666667 0.05906666666666666 0.10013333333333334 0.079 0.11106666666666665 0.08813333333333334 0.10560000000000001 0.0848 0.12766666666666665 0.05906666666666666 0.19059999999999996 0.12853333333333333 0.13846666666666668 0.13546666666666662
Cluster 4
            33.84552845528455 35.34959349593496 36.886178861788615 38.520325203252035 36.853658536585364 36.08130081300813 37.8130081300813 36.829268292682926 38.203252032520325 37.40650406504065 38.390243902439025 36.53658536585366 37.90243902439025 37.48780487804878 38.13821138211382 38.886178861788615 39.08943089430894 37.41463414634146 38.41463414634146 36.764227642276424 37.764227642276424 36.073170731707314 36.41463414634146 35.10569105691057 32.86178861788618 25.747967479674795 26.536585365853657 27.495934959349594 28.910569105691057 28.54471544715447 29.772357723577237 29.056910569105693 30.30081300813008 30.552845528455286 30.54471544715447 30.3739837398374 30.88617886178862 30.617886178861788 31.934959349593495 30.520325203252032 31.479674796747968 31.504065040650406 32.146341463414636 31.70731707317073 31.804878048780488 32.58536585365854 33.09756097560975 32.3739837398374 31.528455284552845 30.878048780487806 28.398373983739837 24.065040650406505 17.975609756097562 51.422764227642276 0.48056910569105715 0.5234146341463414 0.5725203252032521 0.6186178861788619 0.570975609756098 0.5475609756097561 0.6027642276422763 0.5673170731707318 0.6078861788617884 0.5878048780487806 0.61520325203252 0.5669918699186991 0.5983739837398375 0.5869918699186991 0.6072357723577236 0.6296747967479672 0.6352845528455286 0.5814634146341462 0.6129268292682925 0.5655284552845528 0.5914634146341461 0.5434146341463415 0.5532520325203253 0.5125203252032522 0.44325203252032513 0.2308943089430895 0.25195121951219507 0.289349593495935 0.3294308943089431 0.31910569105691056 0.3566666666666668 0.3321138211382114 0.36902439024390227 0.3784552845528456 0.380569105691057 0.37829268292682927 0.38943089430894295 0.38170731707317085 0.4182926829268292 0.3770731707317074 0.40577235772357745 0.4049593495934958 0.42552845528455274 0.4139024390243904 0.41756097560975614 0.4403252032520327 0.45227642276422786 0.4295934959349594 0.4048780487804878 0.38707317073170716 0.3104878048780488 0.1804065040650407

Distortion: 1388.467476
BIC-Value : -27587.862895


Time taken to build model (full training data) : 0.12 seconds

=== Model and evaluation on training set ===

Clustered Instances

0      191 ( 24%)
1      149 ( 18%)
2      198 ( 24%)
3      150 ( 18%)
4      123 ( 15%)


