=== Run information ===

Scheme:       weka.clusterers.XMeans -I 1 -M 1000 -J 1000 -L 2 -H 4 -B 1.0 -C 0.5 -D "weka.core.EuclideanDistance -R first-last" -S 10
Relation:     Sales_Transactions_Dataset_Weekly
Instances:    811
Attributes:   107
              [list of attributes omitted]
Test mode:    evaluate on training data


=== Clustering model (full training set) ===


XMeans
======
Requested iterations            : 1
Iterations performed            : 1
Splits prepared                 : 2
Splits performed                : 2
Cutoff factor                   : 0.5
Percentage of splits accepted 
by cutoff factor                : 0 %
------
Cutoff factor                   : 0.5
------

Cluster centers                 : 4 centers

Cluster 0
            34.016666666666666 35.575 37.09166666666667 38.61666666666667 37.166666666666664 36.3 37.983333333333334 37.11666666666667 38.55 37.53333333333333 38.641666666666666 36.766666666666666 38.05 37.69166666666667 38.25833333333333 39.18333333333333 39.34166666666667 37.75833333333333 38.59166666666667 37.0 37.983333333333334 36.475 36.733333333333334 35.3 32.95 25.633333333333333 26.616666666666667 27.675 29.116666666666667 28.741666666666667 30.008333333333333 29.35 30.516666666666666 30.825 30.825 30.675 31.05 30.9 32.21666666666667 30.816666666666666 31.7 31.808333333333334 32.4 32.025 31.983333333333334 32.833333333333336 33.34166666666667 32.666666666666664 31.9 31.041666666666668 28.508333333333333 23.866666666666667 18.083333333333332 51.63333333333333 0.48133333333333356 0.5257499999999999 0.5741666666666668 0.6161666666666668 0.5765833333333337 0.5496666666666667 0.6029999999999999 0.5716666666666667 0.6141666666666665 0.5861666666666668 0.6186666666666664 0.5695 0.5976666666666667 0.5882499999999999 0.6056666666666668 0.6337499999999997 0.6379166666666669 0.5873333333333333 0.6138333333333332 0.5681666666666665 0.5928333333333331 0.5516666666666666 0.5589166666666667 0.5139166666666667 0.44083333333333324 0.2219166666666667 0.24999999999999997 0.2905833333333333 0.33158333333333334 0.3215 0.3600000000000002 0.33716666666666667 0.3711666666666665 0.3830833333333334 0.3852500000000001 0.3840833333333334 0.3902499999999998 0.3865000000000001 0.4225833333333332 0.3821666666666667 0.40816666666666684 0.4100833333333332 0.4292499999999999 0.41966666666666685 0.41900000000000015 0.4440000000000002 0.4555833333333335 0.4344166666666667 0.4120833333333333 0.38783333333333314 0.3095833333333333 0.16925000000000004
Cluster 1
            21.73076923076923 20.884615384615383 20.03846153846154 22.192307692307693 20.076923076923077 21.153846153846153 22.153846153846153 19.423076923076923 20.653846153846153 20.846153846153847 21.153846153846153 22.153846153846153 21.076923076923077 21.346153846153847 20.96153846153846 21.307692307692307 22.807692307692307 21.653846153846153 20.615384615384617 21.96153846153846 21.615384615384617 20.576923076923077 21.692307692307693 21.653846153846153 25.192307692307693 23.653846153846153 15.923076923076923 14.423076923076923 14.653846153846153 16.307692307692307 15.076923076923077 15.23076923076923 15.5 17.03846153846154 17.115384615384617 16.576923076923077 15.73076923076923 17.307692307692307 16.076923076923077 15.384615384615385 17.153846153846153 16.923076923076923 17.884615384615383 16.807692307692307 18.846153846153847 17.0 17.5 16.153846153846153 17.692307692307693 18.807692307692307 21.884615384615383 23.653846153846153 8.461538461538462 33.19230769230769 0.5561538461538461 0.518846153846154 0.4934615384615385 0.5773076923076924 0.4842307692307693 0.5373076923076924 0.5711538461538462 0.45576923076923076 0.49769230769230766 0.5065384615384615 0.5219230769230769 0.5661538461538461 0.5019230769230769 0.5261538461538462 0.5084615384615385 0.5250000000000001 0.5934615384615385 0.5492307692307693 0.5003846153846154 0.5565384615384615 0.5403846153846154 0.4957692307692308 0.5349999999999999 0.5273076923076924 0.6692307692307694 0.5984615384615384 0.3184615384615385 0.2469230769230769 0.2623076923076923 0.3169230769230769 0.2734615384615384 0.28423076923076923 0.2992307692307693 0.3607692307692308 0.36115384615384616 0.34884615384615386 0.29269230769230775 0.36076923076923073 0.32423076923076927 0.2834615384615385 0.3642307692307693 0.3480769230769231 0.3826923076923078 0.32807692307692304 0.416923076923077 0.34769230769230763 0.36538461538461536 0.3026923076923077 0.3776923076923077 0.41884615384615387 0.5492307692307692 0.5953846153846154
Cluster 2
            6.878453038674033 6.928176795580111 7.04696132596685 7.138121546961326 7.419889502762431 7.383977900552487 7.3259668508287294 7.535911602209945 7.406077348066298 7.488950276243094 7.3646408839779 7.62707182320442 7.613259668508287 7.350828729281768 7.662983425414365 7.762430939226519 7.56353591160221 7.870165745856354 7.773480662983426 7.527624309392265 7.616022099447513 7.795580110497237 8.05524861878453 8.417127071823204 9.441988950276244 9.044198895027625 5.301104972375691 5.593922651933702 5.511049723756906 5.43646408839779 5.6878453038674035 5.875690607734807 5.759668508287293 5.875690607734807 6.071823204419889 6.1878453038674035 6.1187845303867405 6.223756906077348 6.248618784530387 6.116022099447513 6.124309392265193 6.328729281767956 6.348066298342541 6.397790055248619 6.397790055248619 6.544198895027624 6.624309392265193 6.94475138121547 6.947513812154696 7.571823204419889 8.069060773480663 9.149171270718233 1.861878453038674 14.732044198895027 0.38262430939226527 0.3911049723756908 0.396850828729282 0.40803867403314914 0.4242541436464089 0.4225414364640886 0.42588397790055255 0.44096685082872933 0.4246961325966853 0.4300828729281771 0.4242541436464086 0.4404419889502767 0.44196132596685067 0.4211049723756905 0.4528453038674034 0.4547513812154695 0.4343922651933705 0.46011049723756897 0.4519613259668508 0.4366298342541436 0.43237569060773484 0.44817679558011003 0.4698618784530387 0.49856353591160185 0.5662154696132599 0.5473480662983419 0.28182320441988945 0.30198895027624323 0.2957734806629834 0.2879834254143647 0.3051104972375693 0.32008287292817644 0.30381215469613254 0.32063535911602215 0.33480662983425413 0.3438950276243092 0.33751381215469634 0.34486187845303845 0.34610497237569066 0.3377071823204419 0.3451657458563535 0.3541712707182321 0.3618784530386738 0.36088397790055243 0.35781767955801114 0.37303867403314905 0.378756906077348 0.39936464088397794 0.3929834254143642 0.44925414364640864 0.473729281767956 0.5567403314917125
Cluster 3
            0.2739273927392739 0.27722772277227725 0.30363036303630364 0.2838283828382838 0.3201320132013201 0.3234323432343234 0.3201320132013201 0.2871287128712871 0.30033003300330036 0.31353135313531355 0.2871287128712871 0.33003300330033003 0.33003300330033003 0.38613861386138615 0.41254125412541254 0.26732673267326734 0.28052805280528054 0.297029702970297 0.44554455445544555 0.2838283828382838 0.36633663366336633 0.46534653465346537 0.47194719471947194 0.5016501650165016 0.7194719471947195 0.8151815181518152 0.36303630363036304 0.37293729372937295 0.38943894389438943 0.36633663366336633 0.38943894389438943 0.41914191419141916 0.47194719471947194 0.47194719471947194 0.46204620462046203 0.44224422442244227 0.49504950495049505 0.4521452145214521 0.48184818481848185 0.4884488448844885 0.5577557755775577 0.44554455445544555 0.5181518151815182 0.49504950495049505 0.6468646864686468 0.6204620462046204 0.7194719471947195 0.5874587458745875 0.7656765676567657 0.8547854785478548 0.9108910891089109 1.3795379537953796 0.006600660066006601 2.7524752475247523 0.07910891089108911 0.08056105610561057 0.07712871287128711 0.07504950495049503 0.09821782178217824 0.08633663366336633 0.09425742574257427 0.0817491749174917 0.07478547854785479 0.08537953795379537 0.08963696369636964 0.0868316831683168 0.09924092409240921 0.10630363036303628 0.1277227722772277 0.08359735973597357 0.07656765676567656 0.09465346534653463 0.1241584158415841 0.08940594059405943 0.11303630363036303 0.14983498349834978 0.15105610561056104 0.14759075907590757 0.2095049504950495 0.2496699669966997 0.09260726072607252 0.09993399339933991 0.10735973597359734 0.10194719471947192 0.11313531353135309 0.1298679867986798 0.12900990099009899 0.12848184818481845 0.11838283828382837 0.12683168316831683 0.14023102310231023 0.135049504950495 0.13405940594059396 0.13013201320132012 0.16122112211221123 0.1324092409240924 0.16551155115511548 0.14419141914191413 0.18673267326732665 0.19448844884488445 0.23171617161716174 0.16699669966996697 0.23996699669966995 0.23435643564356431 0.2626732673267327 0.36214521452145204

Distortion: 1655.065797
BIC-Value : -27970.01465


Time taken to build model (full training data) : 0.11 seconds

=== Model and evaluation on training set ===

Clustered Instances

0      120 ( 15%)
1       47 (  6%)
2      341 ( 42%)
3      303 ( 37%)


