=== Run information ===

Scheme:       weka.clusterers.SimpleKMeans -init 0 -max-candidates 100 -periodic-pruning 10000 -min-density 2.0 -t1 -1.25 -t2 -1.0 -N 4 -A "weka.core.EuclideanDistance -R first-last" -I 500 -num-slots 1 -S 10
Relation:     Sales_Transactions_Dataset_Weekly
Instances:    811
Attributes:   107
              [list of attributes omitted]
Test mode:    evaluate on training data


=== Clustering model (full training set) ===


kMeans
======

Number of iterations: 20
Within cluster sum of squared errors: 3320.6883338601037

Initial starting points (random):

Cluster 0: P387,5,3,0,1,9,5,10,5,0,6,3,2,2,2,4,4,4,4,2,6,2,5,2,1,5,5,3,1,4,1,2,3,0,1,1,2,2,4,3,2,4,0,6,4,1,2,3,2,1,5,4,9,0,10,0.5,0.3,0,0.1,0.9,0.5,1,0.5,0,0.6,0.3,0.2,0.2,0.2,0.4,0.4,0.4,0.4,0.2,0.6,0.2,0.5,0.2,0.1,0.5,0.5,0.3,0.1,0.4,0.1,0.2,0.3,0,0.1,0.1,0.2,0.2,0.4,0.3,0.2,0.4,0,0.6,0.4,0.1,0.2,0.3,0.2,0.1,0.5,0.4,0.9
Cluster 1: P61,25,30,32,47,45,50,40,35,33,33,35,43,41,32,38,40,30,36,27,26,39,38,34,33,24,22,18,36,28,33,27,24,25,30,31,30,19,26,36,28,39,35,37,32,25,31,29,28,37,22,31,26,18,50,0.22,0.38,0.44,0.91,0.84,1,0.69,0.53,0.47,0.47,0.53,0.78,0.72,0.44,0.63,0.69,0.38,0.56,0.28,0.25,0.66,0.63,0.5,0.47,0.19,0.13,0,0.56,0.31,0.47,0.28,0.19,0.22,0.38,0.41,0.38,0.03,0.25,0.56,0.31,0.66,0.53,0.59,0.44,0.22,0.41,0.34,0.31,0.59,0.13,0.41,0.25
Cluster 2: P279,0,0,0,0,0,0,0,0,0,0,0,0,0,0,0,0,0,0,0,0,0,0,0,1,0,0,0,0,0,0,0,0,0,0,0,0,0,1,0,0,0,0,0,0,0,0,0,0,0,0,0,0,0,1,0,0,0,0,0,0,0,0,0,0,0,0,0,0,0,0,0,0,0,0,0,0,0,1,0,0,0,0,0,0,0,0,0,0,0,0,0,1,0,0,0,0,0,0,0,0,0,0,0,0,0,0
Cluster 3: P663,0,0,0,2,0,0,0,0,0,0,0,1,0,3,1,1,1,0,0,1,0,1,0,0,1,2,1,0,0,1,1,2,1,3,0,1,1,1,0,1,1,0,0,2,0,2,0,1,1,1,2,1,0,3,0,0,0,0.67,0,0,0,0,0,0,0,0.33,0,1,0.33,0.33,0.33,0,0,0.33,0,0.33,0,0,0.33,0.67,0.33,0,0,0.33,0.33,0.67,0.33,1,0,0.33,0.33,0.33,0,0.33,0.33,0,0,0.67,0,0.67,0,0.33,0.33,0.33,0.67,0.33

Missing values globally replaced with mean/mode

Final cluster centroids:
                             Cluster#
Attribute        Full Data          0          1          2          3
                   (811.0)    (196.0)    (123.0)    (270.0)    (222.0)
======================================================================
Product_Code            P1         P1        P15       P212         P2
W0                  8.9026    11.7908    33.8455     0.1778     3.1441
W1                  9.1295    11.7857    35.3496     0.2037     3.1126
W2                  9.3896    11.8878    36.8862     0.2185     3.1036
W3                  9.7176    11.9847    38.5203     0.2074     3.3243
W4                  9.5746    12.2806    36.8537     0.2519     3.4099
W5                  9.4661    12.5765    36.0813     0.2148     3.2252
W6                  9.7201    12.3469     37.813      0.237     3.3694
W7                  9.5857    12.0765    36.8293     0.1963     3.7117
W8                  9.7842    12.4796    38.2033     0.1778     3.3423
W9                  9.6819    12.3367    37.4065     0.2296      3.473
W10                 9.7904    12.3622    38.3902     0.2037     3.3333
W11                 9.6782    13.0102    36.5366     0.2037     3.3784
W12                 9.8274     12.602    37.9024     0.2259        3.5
W13                 9.6868    12.2296    37.4878     0.3185     3.4324
W14                 9.9075    12.4796    38.1382     0.2815     3.7027
W15                10.0456    12.7653    38.8862     0.1889     3.6532
W16                10.0333    12.8878    39.0894        0.2     3.3739
W17                 9.9051    13.1582    37.4146     0.2037     3.5901
W18                10.0074     12.699    38.4146     0.3074     3.6892
W19                 9.6449    12.5714    36.7642     0.2148     3.5045
W20                 9.8496    12.7806    37.7642     0.2778     3.4369
W21                 9.7102    12.9133    36.0732     0.3667     3.6396
W22                 9.9026    13.3214    36.4146     0.3667     3.7928
W23                 9.8619    13.4643    35.1057      0.337     4.2793
W24                10.1665    15.3418    32.8618     0.5296     4.7432
W25                 8.8927    14.4286     25.748     0.6259     4.7207
W26                 6.9507     8.6939    26.5366     0.2778     2.6757
W27                 7.1936     9.0816    27.4959     0.2667     2.7027
W28                 7.3835     8.9745    28.9106     0.2889     2.6802
W29                 7.3391     9.0357    28.5447     0.2704     2.6892
W30                 7.6079     9.3163    29.7724     0.2704     2.7432
W31                 7.6104     9.4796    29.0569     0.3185     2.9459
W32                 7.7596      9.648    30.3008     0.3148     2.6577
W33                 7.9063     9.7551    30.5528     0.3444     2.9234
W34                 7.9926    10.0357    30.5447     0.3185      3.027
W35                 7.9975    10.2296     30.374     0.3185     2.9685
W36                 8.0148     9.6888    30.8862     0.3556     3.1802
W37                  8.074    10.2398    30.6179     0.3519     3.0631
W38                 8.2515     9.9898     31.935     0.3593     3.1937
W39                 7.9655      9.801    30.5203     0.3296     3.1351
W40                 8.1825     9.8163    31.4797        0.4     3.2973
W41                 8.2404    10.3112    31.5041     0.3667     3.0991
W42                 8.3946    10.2194    32.1463     0.3926     3.3559
W43                 8.3181    10.2398    31.7073     0.3852     3.3108
W44                  8.434    10.4337    31.8049     0.4185     3.4685
W45                 8.5561    10.3827    32.5854     0.5037     3.4234
W46                 8.7201     10.449    33.0976     0.5593     3.6126
W47                 8.6708    10.9949     32.374     0.4185     3.5225
W48                 8.6745    11.2551    31.5285     0.5926     3.5631
W49                 8.8952     11.852     30.878     0.6407     4.1441
W50                 8.8619    12.8929    28.3984     0.7185     4.3829
W51                  8.889    14.2143     24.065     1.0481     5.3153
MIN                 3.7805     3.9898    17.9756     0.0037     0.3243
MAX                16.3083    21.6888    51.4228     2.4148          9
Normalized 0        0.2894     0.4533     0.4806     0.0619     0.3155
Normalized 1        0.2991      0.453     0.5234     0.0713     0.3161
Normalized 2        0.3067     0.4634     0.5725     0.0667     0.3132
Normalized 3        0.3199     0.4638     0.6186     0.0684     0.3331
Normalized 4        0.3269     0.4817      0.571     0.0894     0.3439
Normalized 5        0.3194     0.5048     0.5476     0.0757     0.3257
Normalized 6        0.3328      0.492     0.6028      0.085     0.3442
Normalized 7        0.3266     0.4755     0.5673     0.0677     0.3766
Normalized 8        0.3243     0.4915     0.6079     0.0574     0.3443
Normalized 9        0.3268     0.4814     0.5878     0.0711     0.3569
Normalized 10       0.3311     0.4912     0.6152      0.076     0.3427
Normalized 11       0.3315     0.5259      0.567     0.0641     0.3545
Normalized 12       0.3389     0.5004     0.5984     0.0768     0.3713
Normalized 13       0.3316     0.4744      0.587     0.0989      0.347
Normalized 14       0.3558     0.4983     0.6072     0.1123     0.3867
Normalized 15       0.3448     0.5048     0.6297      0.072     0.3775
Normalized 16       0.3359     0.5093     0.6353     0.0638     0.3479
Normalized 17       0.3453     0.5269     0.5815     0.0808     0.3756
Normalized 18        0.355     0.5027     0.6129      0.108     0.3821
Normalized 19       0.3302     0.4859     0.5655     0.0839     0.3619
Normalized 20       0.3403     0.4976     0.5915     0.1016     0.3525
Normalized 21       0.3536     0.5043     0.5434     0.1404     0.3745
Normalized 22        0.366     0.5209     0.5533     0.1352     0.4063
Normalized 23       0.3706     0.5282     0.5125     0.1221     0.4552
Normalized 24       0.4177     0.6192     0.4433     0.1837     0.5102
Normalized 25       0.3896     0.5763     0.2309     0.2244     0.5137
Normalized 26       0.2076     0.2817      0.252     0.0813     0.2712
Normalized 27        0.223     0.3073     0.2893     0.0899     0.2738
Normalized 28       0.2296     0.3024     0.3294     0.0957     0.2728
Normalized 29       0.2244     0.2964     0.3191     0.0876     0.2746
Normalized 30       0.2405      0.314     0.3567     0.0953     0.2878
Normalized 31       0.2504     0.3241     0.3321     0.1191     0.2997
Normalized 32       0.2483     0.3411      0.369     0.1084     0.2697
Normalized 33       0.2594     0.3381     0.3785     0.1101     0.3055
Normalized 34       0.2623     0.3544     0.3806     0.0994     0.3134
Normalized 35       0.2689     0.3711     0.3783     0.1084     0.3133
Normalized 36       0.2702     0.3335     0.3894     0.1195     0.3314
Normalized 37       0.2731     0.3649     0.3817     0.1219     0.3159
Normalized 38       0.2775     0.3514     0.4183     0.1146     0.3323
Normalized 39        0.265     0.3406     0.3771     0.1099     0.3248
Normalized 40       0.2864     0.3394     0.4058      0.137     0.3551
Normalized 41       0.2794     0.3636      0.405     0.1233     0.3253
Normalized 42       0.2991     0.3551     0.4255     0.1501      0.361
Normalized 43       0.2876     0.3614     0.4139     0.1284      0.346
Normalized 44       0.3048     0.3683     0.4176     0.1559     0.3675
Normalized 45        0.316     0.3657     0.4403     0.1816     0.3668
Normalized 46       0.3348     0.3693     0.4523     0.2162     0.3833
Normalized 47       0.3146     0.4017     0.4296     0.1453       0.38
Normalized 48       0.3382     0.4052     0.4049     0.2233     0.3817
Normalized 49       0.3589      0.443     0.3871     0.2099     0.4503
Normalized 50        0.373     0.4919     0.3105     0.2393     0.4653
Normalized 51       0.4279     0.5588     0.1804      0.331     0.5675




Time taken to build model (full training data) : 0.19 seconds

=== Model and evaluation on training set ===

Clustered Instances

0      196 ( 24%)
1      123 ( 15%)
2      270 ( 33%)
3      222 ( 27%)

