=== Run information ===

Scheme:       weka.clusterers.FarthestFirst -N 3 -S 1
Relation:     Sales_Transactions_Dataset_Weekly
Instances:    811
Attributes:   107
              [list of attributes omitted]
Test mode:    evaluate on training data


=== Clustering model (full training set) ===


FarthestFirst
==============

Cluster centroids:

Cluster 0
	 P413 4.0 6.0 8.0 7.0 12.0 11.0 10.0 6.0 7.0 4.0 9.0 9.0 12.0 9.0 10.0 14.0 12.0 9.0 12.0 12.0 12.0 10.0 18.0 13.0 12.0 13.0 2.0 3.0 5.0 2.0 11.0 5.0 3.0 1.0 11.0 9.0 8.0 8.0 9.0 9.0 12.0 3.0 6.0 12.0 5.0 8.0 11.0 11.0 11.0 17.0 17.0 16.0 1.0 18.0 0.18 0.29 0.41 0.35 0.65 0.59 0.53 0.29 0.35 0.18 0.47 0.47 0.65 0.47 0.53 0.76 0.65 0.47 0.65 0.65 0.65 0.53 1.0 0.71 0.65 0.71 0.06 0.12 0.24 0.06 0.59 0.24 0.12 0.0 0.59 0.47 0.41 0.41 0.47 0.47 0.65 0.12 0.29 0.65 0.24 0.41 0.59 0.59 0.59 0.94 0.94 0.88
Cluster 1
	 P409 42.0 48.0 38.0 43.0 35.0 39.0 36.0 38.0 49.0 46.0 44.0 25.0 43.0 38.0 34.0 48.0 52.0 67.0 52.0 45.0 64.0 49.0 48.0 72.0 64.0 64.0 30.0 25.0 43.0 23.0 29.0 30.0 31.0 28.0 34.0 34.0 36.0 47.0 24.0 35.0 47.0 34.0 46.0 41.0 34.0 39.0 44.0 46.0 46.0 41.0 57.0 73.0 23.0 73.0 0.38 0.5 0.3 0.4 0.24 0.32 0.26 0.3 0.52 0.46 0.42 0.04 0.4 0.3 0.22 0.5 0.58 0.88 0.58 0.44 0.82 0.52 0.5 0.98 0.82 0.82 0.14 0.04 0.4 0.0 0.12 0.14 0.16 0.1 0.22 0.22 0.26 0.48 0.02 0.24 0.48 0.22 0.46 0.36 0.22 0.32 0.42 0.46 0.46 0.36 0.68 1.0
Cluster 2
	 P730 0.0 1.0 0.0 0.0 0.0 0.0 0.0 1.0 0.0 0.0 0.0 0.0 0.0 0.0 0.0 0.0 0.0 0.0 0.0 0.0 0.0 0.0 0.0 0.0 0.0 0.0 0.0 0.0 1.0 0.0 0.0 1.0 0.0 0.0 0.0 0.0 0.0 0.0 0.0 0.0 0.0 0.0 0.0 0.0 1.0 0.0 0.0 0.0 0.0 0.0 0.0 0.0 0.0 1.0 0.0 1.0 0.0 0.0 0.0 0.0 0.0 1.0 0.0 0.0 0.0 0.0 0.0 0.0 0.0 0.0 0.0 0.0 0.0 0.0 0.0 0.0 0.0 0.0 0.0 0.0 0.0 0.0 1.0 0.0 0.0 1.0 0.0 0.0 0.0 0.0 0.0 0.0 0.0 0.0 0.0 0.0 0.0 0.0 1.0 0.0 0.0 0.0 0.0 0.0 0.0 0.0



Time taken to build model (full training data) : 0.08 seconds

=== Model and evaluation on training set ===

Clustered Instances

0      416 ( 51%)
1      121 ( 15%)
2      274 ( 34%)


